Métricas do Modelo: lotofacil_completo
Data: 2025-09-19 08:18:55.056043

mse: 0.48021485862344837
mae: 0.4898915331821387
rmse: 0.6929753665343729
r2_score: 0.9986259864110721
erro_medio_absoluto: 0.4898915331821387
erro_maximo: 2.1845245361328125
